<?xml version="1.0"?>
<opencv_storage>
<calibration_time>"02/26/16 15:24:59"</calibration_time>
<nframes>7</nframes>
<image_width>640</image_width>
<image_height>480</image_height>
<board_width>9</board_width>
<board_height>6</board_height>
<square_size>1.</square_size>
<aspectRatio>1.</aspectRatio>
<flags>2</flags>
<camera_matrix type_id="opencv-matrix">
  <rows>3</rows>
  <cols>3</cols>
  <dt>d</dt>
  <data>
    6.0144148792973670e+002 0. 3.0241632450971588e+002 0.
    6.0144148792973670e+002 2.5898757620088207e+002 0. 0. 1.</data></camera_matrix>
<distortion_coefficients type_id="opencv-matrix">
  <rows>5</rows>
  <cols>1</cols>
  <dt>d</dt>
  <data>
    -9.2793835851379559e-003 -1.1341008532256291e-001
    4.3311575552152352e-004 -3.5902912479123900e-004
    5.8450533428896834e-001</data></distortion_coefficients>
<avg_reprojection_error>3.8476458037672528e-001</avg_reprojection_error>
<per_view_reprojection_errors type_id="opencv-matrix">
  <rows>7</rows>
  <cols>1</cols>
  <dt>f</dt>
  <data>
    4.79983270e-001 3.88755679e-001 3.79949689e-001 3.67158622e-001
    3.61934364e-001 3.48181754e-001 3.51279587e-001</data></per_view_reprojection_errors>
<extrinsic_parameters type_id="opencv-matrix">
  <rows>7</rows>
  <cols>6</cols>
  <dt>d</dt>
  <data>
    -5.8272115714823984e-002 -1.1058418572594139e-001
    1.4872520353440163e-002 -3.5793898752935265e+000
    -1.8265982283131772e+000 9.3067659503915223e+000
    -5.8936221951637169e-002 -1.2486563804285807e-001
    3.3742478512551370e-003 -3.5756718898116011e+000
    -1.7617690600044615e+000 9.3882064400921283e+000
    -6.0602736795869187e-002 -1.2907957356332669e-001
    2.4995743277824042e-003 -3.5356574744872153e+000
    -1.7524665634321983e+000 9.4948611238351788e+000
    -6.5770802355597402e-002 -1.3040777697295344e-001
    6.4082079155897672e-003 -3.4851251287644676e+000
    -1.7581109632284124e+000 9.6247721288619292e+000
    -6.9517365640059392e-002 -1.3102820493123038e-001
    1.0654114221927405e-002 -3.4271547856584328e+000
    -1.7487813355865067e+000 9.7447772623226410e+000
    -7.1996875528792068e-002 -1.3031212367264339e-001
    1.5350470339652393e-002 -3.3777102872153608e+000
    -1.7447265331308133e+000 9.8645315165645222e+000
    -7.6399505041292268e-002 -1.2944995565466494e-001
    1.8193960179359949e-002 -3.3311260506601679e+000
    -1.7433439628803178e+000 9.9565722405087929e+000</data></extrinsic_parameters>
<image_points type_id="opencv-matrix">
  <rows>7</rows>
  <cols>54</cols>
  <dt>"2f"</dt>
  <data>
    7.20027924e+001 1.41528015e+002 1.37863708e+002 1.43981644e+002
    2.02302292e+002 1.46378891e+002 2.65570496e+002 1.48442032e+002
    3.27533264e+002 1.50468811e+002 3.87495911e+002 1.53126022e+002
    4.46523224e+002 1.55579315e+002 5.04079956e+002 1.57672379e+002
    5.60919922e+002 1.59696762e+002 6.97542038e+001 2.05471985e+002
    1.36090927e+002 2.07249130e+002 2.00529907e+002 2.08764252e+002
    2.64298553e+002 2.10589325e+002 3.26297302e+002 2.12040237e+002
    3.87038391e+002 2.13731247e+002 4.46457367e+002 2.15254913e+002
    5.04393372e+002 2.16803406e+002 5.61084717e+002 2.18289963e+002
    6.74738693e+001 2.70272644e+002 1.33932266e+002 2.71177582e+002
    1.99187271e+002 2.72069183e+002 2.63161774e+002 2.72988861e+002
    3.25586090e+002 2.73900543e+002 3.86436981e+002 2.74829346e+002
    4.46262939e+002 2.75794678e+002 5.04117096e+002 2.76522736e+002
    5.60850708e+002 2.77451111e+002 6.46650772e+001 3.36159515e+002
    1.32050888e+002 3.36291412e+002 1.97494568e+002 3.36411987e+002
    2.62142853e+002 3.36737762e+002 3.24747009e+002 3.36889343e+002
    3.86275177e+002 3.37069183e+002 4.46309235e+002 3.37175537e+002
    5.04508362e+002 3.37347260e+002 5.61310120e+002 3.37557587e+002
    6.20974693e+001 4.02729156e+002 1.29640640e+002 4.01953430e+002
    1.96044769e+002 4.01490570e+002 2.60972015e+002 4.00768585e+002
    3.24197357e+002 4.00354675e+002 3.85997772e+002 3.99845917e+002
    4.47139099e+002 3.99476624e+002 5.05336456e+002 3.98582245e+002
    5.63283020e+002 3.98188080e+002 5.88571892e+001 4.70735718e+002
    1.27458206e+002 4.69162750e+002 1.94279480e+002 4.67568420e+002
    2.60026703e+002 4.66305206e+002 3.23830139e+002 4.64941742e+002
    3.85856506e+002 4.63457306e+002 4.47011993e+002 4.62255737e+002
    5.06950439e+002 4.61337402e+002 5.65443726e+002 4.60281586e+002
    7.35516739e+001 1.46448166e+002 1.39051880e+002 1.48384323e+002
    2.03007050e+002 1.50192673e+002 2.65637909e+002 1.51713089e+002
    3.26793243e+002 1.53295868e+002 3.85719086e+002 1.55411469e+002
    4.43592194e+002 1.57415237e+002 4.99850555e+002 1.58896866e+002
    5.55327393e+002 1.60434753e+002 7.23062286e+001 2.09942444e+002
    1.38261841e+002 2.10994720e+002 2.02254196e+002 2.12014862e+002
    2.65298889e+002 2.13290070e+002 3.26412170e+002 2.14055740e+002
    3.86056152e+002 2.15091492e+002 4.44299377e+002 2.16078400e+002
    5.00954620e+002 2.17111130e+002 5.56228455e+002 2.17919418e+002
    7.11531067e+001 2.74095306e+002 1.37120407e+002 2.74407135e+002
    2.01837143e+002 2.74603638e+002 2.65107239e+002 2.74783661e+002
    3.26520172e+002 2.75145111e+002 3.86338623e+002 2.75363464e+002
    4.44876465e+002 2.75622925e+002 5.01412262e+002 2.75697388e+002
    5.56604553e+002 2.76025543e+002 6.92879562e+001 3.39505096e+002
    1.36338913e+002 3.38858337e+002 2.01135986e+002 3.38121552e+002
    2.64911682e+002 3.37722382e+002 3.26575775e+002 3.37181030e+002
    3.87004303e+002 3.36549286e+002 4.45721832e+002 3.35929779e+002
    5.02571838e+002 3.35412872e+002 5.57802307e+002 3.34889282e+002
    6.77897568e+001 4.05448914e+002 1.34985001e+002 4.03792206e+002
    2.00672546e+002 4.02359711e+002 2.64749298e+002 4.00871979e+002
    3.26937653e+002 3.99594330e+002 3.87640930e+002 3.98345001e+002
    4.47359222e+002 3.97181488e+002 5.04183624e+002 3.95494568e+002
    5.60478027e+002 3.94363220e+002 6.56809540e+001 4.72578430e+002
    1.33791122e+002 4.70201630e+002 1.99876007e+002 4.67699463e+002
    2.64858276e+002 4.65391083e+002 3.27428894e+002 4.63214996e+002
    3.88294647e+002 4.60769196e+002 4.48082703e+002 4.58654846e+002
    5.06525604e+002 4.56923096e+002 5.63400452e+002 4.55058716e+002
    7.83700409e+001 1.48337784e+002 1.43158768e+002 1.50238678e+002
    2.06427109e+002 1.51967606e+002 2.68354767e+002 1.53505630e+002
    3.28792419e+002 1.54955902e+002 3.86820007e+002 1.57074097e+002
    4.43831360e+002 1.58987091e+002 4.99277344e+002 1.60451401e+002
    5.53821350e+002 1.61931229e+002 7.72633896e+001 2.11139191e+002
    1.42656479e+002 2.12188065e+002 2.05831116e+002 2.13094452e+002
    2.68116486e+002 2.14280914e+002 3.28503174e+002 2.14972549e+002
    3.87396118e+002 2.16003052e+002 4.44711151e+002 2.16894135e+002
    5.00455231e+002 2.17921509e+002 5.54841614e+002 2.18750732e+002
    7.63628540e+001 2.74619202e+002 1.41637527e+002 2.74769470e+002
    2.05588715e+002 2.74916656e+002 2.68066010e+002 2.75111145e+002
    3.28824341e+002 2.75338562e+002 3.87765869e+002 2.75541656e+002
    4.45434998e+002 2.75708069e+002 5.01195587e+002 2.75794403e+002
    5.55447327e+002 2.76115723e+002 7.47324677e+001 3.39201782e+002
    1.40992218e+002 3.38435059e+002 2.05047714e+002 3.37697632e+002
    2.68103668e+002 3.37225586e+002 3.28986694e+002 3.36579681e+002
    3.88518341e+002 3.35923279e+002 4.46390350e+002 3.35344299e+002
    5.02372375e+002 3.34735077e+002 5.56708740e+002 3.34248016e+002
    7.33072815e+001 4.04283081e+002 1.39733765e+002 4.02595947e+002
    2.04707184e+002 4.01094086e+002 2.67941315e+002 3.99645081e+002
    3.29367310e+002 3.98324371e+002 3.89244690e+002 3.97013428e+002
    4.48121887e+002 3.95816589e+002 5.03980499e+002 3.94089600e+002
    5.59437195e+002 3.92870453e+002 7.11292648e+001 4.70650940e+002
    1.38507050e+002 4.68127930e+002 2.03938492e+002 4.65590485e+002
    2.67984985e+002 4.63361969e+002 3.29889008e+002 4.61056702e+002
    3.89971375e+002 4.58682831e+002 4.48775848e+002 4.56574341e+002
